lastAccountName: kippenbaba
timestamps:
  login: 1578172324131
  logout: 1578173030954
ipAddress: 94.211.116.46
nickname: §bkippenbaba
logoutlocation:
  world: ASkyBlock
  x: 196.73108664042377
  y: 123.0
  z: 222.15406675231642
  yaw: -3.8996582
  pitch: 18.900005
