jails: 
  hacker: 
    world: world
    x: -121.36941892112569
    y: 70.0
    z: -474.5942485651096
    yaw: 86.40291
    pitch: 20.699986
