spawns: 
  default: 
    world: world
    x: -194.5
    y: 66.0
    z: -461.5
    yaw: -87.89997
    pitch: 12.750009
