world: world
x: -192.54267593905269
y: 68.0
z: -472.8526553942846
yaw: 178.64987
pitch: 28.199966
name: Crates
lastowner: 3d5a16c7-708c-4dfc-b0f5-e8d7bc790a33
