world: world
x: -134.20803361331627
y: 67.0
z: -474.45464474446743
yaw: -91.05012
pitch: -5.5499845
name: Hacker
lastowner: 3d5a16c7-708c-4dfc-b0f5-e8d7bc790a33
