world: world
x: -71.69999998807907
y: 72.0
z: -367.30000001192093
yaw: 223.78809
pitch: 11.5499935
name: PVP
lastowner: 3d5a16c7-708c-4dfc-b0f5-e8d7bc790a33
