world: world
x: -155.5620651182538
y: 64.0
z: -494.70128315072606
yaw: -179.47644
pitch: 0.97013783
name: Shop
lastowner: 3d5a16c7-708c-4dfc-b0f5-e8d7bc790a33
