world: world
x: -115.95385931586222
y: 181.0
z: -468.51174026672055
yaw: -272.11218
pitch: 18.749977
name: spawn
lastowner: 3d5a16c7-708c-4dfc-b0f5-e8d7bc790a33
